,Search Inquiry,Price (Median),# Prod. Montly Units Sold > 300,Monthly Units Sold (Median),Daily Units Sold (Median),Monthly Revenue (Median),Star Rating,Prods. < 50 Reviews,Reveiws (Avg),Total # Of Products In Last Year,Total # Product On Page,% of Prods. W/ < 50 Reviews Of Recent Avail Prods.
0,Foldable Bed Sheet Set Organizer,34.99,22,286.0,7,8776.0,4.51,23,85.49,45,48,51.11111111111111
1,womens vibrator,29.47,2,150.0,5,6582.5,4.27,5,13.17,6,7,83.33333333333334
2,homemade bread storage,25.89,11,298.0,8,7213.0,4.35,14,88.87,23,54,60.86956521739131
3,luxury phone case,12.99,12,810.0,27,9585.0,4.52,6,195.08,13,19,46.15384615384615
4,keurig storage drawer,33.97,5,204.0,8,5424.0,4.69,13,24.8,15,54,86.66666666666667
5,Clear Storag Bins,28.49,9,1387.0,38,30929.0,4.71,3,376.4,10,57,30.0
6,underwear drawer,25.49,14,295.0,8,8621.5,4.29,15,331.43,28,55,53.57142857142857
7,punching bag for kids,31.490000000000002,9,275.5,7,9574.5,4.36,5,557.89,18,52,27.77777777777778
8,planner accessories,9.99,16,630.0,25,12883.0,4.52,9,153.19,21,57,42.857142857142854
9,long floating shelf,34.99,14,540.0,18,22463.0,4.36,9,271.89,19,55,47.368421052631575
10,socket organizer magnetic,41.99,13,270.0,8,9637.0,4.69,19,62.28,29,53,65.51724137931035
11,coffee pod holders for counter,23.9,9,197.0,6,5135.0,4.52,18,54.0,25,58,72.0
12,laundry basket with lid and wheels,34.9,20,377.0,11,15076.0,4.28,14,166.09,33,54,42.42424242424242
13,Movable Storage Book Shelves,41.99,8,174.0,5,12414.0,4.48,13,140.21,19,24,68.42105263157895
14,mail holder for wall,19.99,6,256.0,8,5285.5,4.71,8,105.14,14,60,57.14285714285714
15,bible covers,22.99,11,282.5,10,5671.0,4.73,13,49.64,22,52,59.09090909090909
16,Lanpn Photo Album 4x6 1000 Pockets Extra Large Big Capacity Leather Hardcover Large Photo Book that Holds 1000 Vertical and horizontal Pictures Black Platinum,27.49,11,464.5,14,10983.5,4.67,6,153.79,14,35,42.857142857142854
17,office desk accessories,23.99,24,2336.0,85,46697.0,4.57,1,806.52,27,55,3.7037037037037033
18,bamboo tea organizer,30.979999999999997,2,100.0,2,3237.0,4.59,12,229.39,18,58,66.66666666666666
19,sheet and blanket organizer,39.99,21,323.0,8,9930.0,4.55,17,79.05,37,51,45.94594594594595
20,Odor Removal for Home & Pets,24.99,5,750.0,25,12590.0,4.2,3,120.78,9,50,33.33333333333333
21,small drink table,44.980000000000004,8,142.5,4,6996.5,4.3,16,151.32,22,51,72.72727272727273
22,teabag holder organizer,21.49,5,108.0,4,2550.5,4.73,13,35.62,16,54,81.25
23,Large Trash Bag Holder,27.99,12,168.0,7,4701.0,4.45,27,37.97,35,53,77.14285714285715
24,TYRO--dhesive Curtain Track Ceiling or Wall Mount(128'_ 10.7 FT) Ceiling Track Room Divider Self Adhesive Curtain Rod No Drill Screws or Tools Curtain Hangers No Damage,20.99,4,236.0,8,7389.0,4.15,7,136.73,11,33,63.63636363636363
25,living room ottoman,44.99,14,453.5,16,21256.5,4.4,7,451.85,20,54,35.0
26,punching bag for adults,59.99,6,189.0,5,11156.0,4.14,15,38.35,23,48,65.21739130434783
27,linen closet organization,29.88,24,898.0,21,35097.5,4.53,11,185.38,32,61,34.375
28,micro stitch gun,15.24,10,154.5,4,2388.0,4.1,17,563.08,24,41,70.83333333333334
29,science fair board,21.49,4,167.5,4,6479.0,4.52,16,9.94,16,45,100.0
30,Candle Warmer,29.99,42,930.0,31,24499.0,4.53,15,146.53,47,62,31.914893617021278
31,organizing containers,29.99,16,837.0,33,31853.0,4.61,5,279.41,17,56,29.411764705882355
32,toy storage,35.99,15,620.5,16,21331.0,4.33,14,915.92,24,55,58.333333333333336
33,Clipboard Holder,19.99,10,150.0,4,2126.0,4.33,16,88.88,25,48,64.0
34,science fair display boards (2),20.99,6,161.0,4,6380.0,4.51,22,20.78,23,47,95.65217391304348
35,retractable highlighters,6.39,4,330.0,16,3405.0,4.51,4,162.43,7,58,57.14285714285714
36,sourdough container,20.99,17,408.0,13,12132.0,4.43,13,96.93,27,53,48.148148148148145
37,Under Bed Storage Containers,33.99,26,621.0,16,18624.0,4.33,5,179.45,31,57,16.129032258064516
38,Metal Rubber Clamps,16.49,10,161.0,6,3461.0,4.68,21,36.68,28,56,75.0
39,adult toy storage,28.99,8,189.5,7,4991.0,4.22,17,114.04,24,50,70.83333333333334
40,linen organizer,37.99,28,456.0,10,18434.0,4.6,18,91.63,41,54,43.90243902439025
41,Bed Sheet Organizers,39.24,30,353.5,8,14580.0,4.6,26,87.25,48,53,54.166666666666664
42,desk accessories & workspace organizers,24.29,25,762.0,19,15618.0,4.56,11,629.82,34,58,32.35294117647059
43,Foldable Cube Storage Bin,35.99,2,120.0,4,5475.0,4.57,4,1302.2,15,46,26.666666666666668
44,sheet storage,38.89,26,422.0,9,17082.0,4.58,18,90.54,41,53,43.90243902439025
45,Plastic Storage Organizer for Lego,33.99,7,243.0,10,9395.0,4.24,11,176.82,17,51,64.70588235294117
46,Engineering Computation Pad,29.99,2,142.5,5,3532.5,4.21,12,11.17,12,34,100.0
47,cologne organizer for men,32.99,11,169.0,5,4635.0,4.45,29,60.46,39,52,74.35897435897436
48,clothing display,36.49,6,109.0,4,4461.5,4.3,20,269.0,26,53,76.92307692307693
49,computation notebook spiral,16.95,11,293.0,9,4858.0,4.48,10,141.91,23,55,43.47826086956522
50,Fridge Organizer Bins,29.88,14,743.0,15,24734.0,4.66,7,240.11,19,60,36.84210526315789
51,sheet organizer,36.94,32,498.0,14,21211.0,4.58,21,89.93,44,49,47.72727272727273
52,wall mount basket,22.99,4,226.0,6,5397.0,4.68,10,686.38,13,57,76.92307692307693
53,locker organizer shelf,19.99,3,264.5,8,5309.5,4.23,6,106.5,10,48,60.0
54,magnetic storage containers,24.99,6,237.0,6,6316.0,4.52,7,148.24,17,53,41.17647058823529
55,garbage bag dispenser,25.99,11,160.5,4,4008.5,4.44,32,30.47,38,54,84.21052631578947
56,desktop file organizer,26.49,9,461.0,14,9860.5,4.56,8,121.56,16,58,50.0
57,linen storage,34.985,22,589.0,16,28207.0,4.54,7,140.79,28,58,25.0
58,glass food containers,29.99,20,1503.5,38,43495.0,4.63,2,273.75,20,60,10.0
59,wall mount shoe rack,29.99,8,211.0,7,8438.0,4.39,13,217.94,17,54,76.47058823529412
60,boxing equipment,73.85,11,345.5,10,18386.0,4.05,10,95.89,18,59,55.55555555555556
61,sculpture,27.49,6,151.5,5,4855.0,4.68,17,51.0,24,55,70.83333333333334
62,lamp shades for table lamps,29.99,2,136.5,4,4559.0,4.01,14,77.3,20,60,70.0
63,bubble wrap pouches,23.99,4,210.0,6,3817.0,4.36,15,73.74,19,54,78.94736842105263
64,desk accessories aesthetic,11.795,15,1325.0,36,13391.5,4.56,2,773.9,20,57,10.0
65,2 gallon drink dispenser,36.49,5,138.5,4,6412.0,4.07,15,55.89,18,51,83.33333333333334
66,Under Bed Storage with Wheels,39.99,24,339.0,11,13998.0,4.43,17,102.3,43,52,39.53488372093023
67,cat climbing wall,41.99,8,123.0,4,5939.0,4.21,24,88.3,33,57,72.72727272727273
68,wood name tags,17.99,1,67.5,2,1447.2,4.61,5,42.12,8,28,62.5
69,under bed blocker for pets,19.99,4,97.5,3,1800.5,4.04,19,31.45,22,50,86.36363636363636
70,vegetable containers for fridge,24.485,18,539.5,14,17076.0,4.39,11,114.42,24,61,45.83333333333333
71,bubble wrap bags,20.99,3,210.0,7,4471.0,4.5,11,40.53,15,51,73.33333333333333
72,adjustable side table,45.99,11,253.0,8,14999.0,4.21,17,318.89,27,57,62.96296296296296
73,portafilter,35.99,6,154.0,3,4947.0,4.47,23,33.41,29,51,79.3103448275862
74,classroom organizer,37.79,12,274.0,10,9498.0,4.34,15,677.4,25,52,60.0
75,mens desk organizer,24.99,8,244.0,9,6825.0,4.47,8,86.12,17,54,47.05882352941176
76,cologne organizer,31.99,9,164.0,5,4754.0,4.47,27,53.6,35,51,77.14285714285715
77,containers for storage,33.49,17,789.0,26,34215.5,4.56,10,340.79,24,62,41.66666666666667
78,space aid sheet organizer,39.985,17,278.0,8,13544.0,4.54,18,90.32,34,42,52.94117647058824
79,storage bins with lids large,57.945,18,424.5,12,49523.0,4.35,12,114.0,24,62,50.0
80,fruit slicer,10.49,18,288.5,10,4448.5,4.17,29,59.75,36,57,80.55555555555556
81,12x12 inch paper storage,26.99,6,129.0,5,3629.0,4.56,20,30.72,25,48,80.0
82,Presentation Boards,32.99,5,161.0,6,6929.0,4.58,16,27.53,17,48,94.11764705882352
83,stackable storage drawers,33.99,21,1501.0,45,59515.0,4.46,8,200.56,25,57,32.0
84,deer scoring tape,25.99,4,190.0,8,3659.0,4.38,8,37.09,11,52,72.72727272727273
85,marble tray,37.57,4,131.0,4,4535.0,4.61,16,20.28,18,56,88.88888888888889
86,Business Envelopes,18.99,7,146.0,4,2659.0,4.59,14,131.21,19,49,73.68421052631578
87,shoe cover dispenser machine,42.47,5,107.0,4,4726.0,4.09,13,173.39,18,39,72.22222222222221
88,pantry storage,31.990000000000002,14,1428.0,54,44836.5,4.64,3,383.78,18,61,16.666666666666664
89,Under Bed Storage,34.485,23,721.0,26,23219.5,4.36,8,165.2,30,54,26.666666666666668
90,organizational storage,30.479999999999997,25,1308.0,44,49108.5,4.64,10,354.61,28,66,35.714285714285715
91,desk organizer,24.99,24,901.0,27,20803.0,4.55,13,490.74,31,63,41.935483870967744
92,storage bins with lids small,33.99,9,365.0,11,17819.0,4.43,4,141.25,12,55,33.33333333333333
93,moving boxes large heavy duty,26.98,15,3540.0,79,81019.0,4.49,2,470.41,17,52,11.76470588235294
94,Foldable Under Bed Clothes Organizer,35.99,12,277.0,6,8584.0,4.41,9,160.76,25,57,36.0
95,trifold poster board,37.99,3,132.0,4,6074.0,4.48,21,9.57,21,46,100.0
96,over the stove spice rack,19.99,15,281.5,9,6309.5,4.3,15,119.37,30,49,50.0
97,office organizer,28.49,19,525.5,18,18341.5,4.51,12,855.15,26,53,46.15384615384615
98,roller window shades,55.68,10,278.0,10,17511.0,4.55,12,443.95,21,48,57.14285714285714
99,magnetic file holder for refrigerator,25.99,4,121.5,4,3072.0,4.48,19,30.96,24,50,79.16666666666666
100,storage bin,43.49,19,1477.5,34,62969.5,4.54,8,190.64,22,68,36.36363636363637
101,dog scratch board,23.99,8,120.0,4,2951.0,3.89,22,54.24,37,46,59.45945945945946
102,document storage box,30.99,9,308.0,7,12296.5,4.36,10,315.33,18,59,55.55555555555556
103,food. storage containers,27.99,16,1103.0,48,34978.0,4.57,6,1050.79,19,53,31.57894736842105
104,hulken bag with wheels,35.49,14,281.5,10,15212.5,4.27,20,1289.5,30,57,66.66666666666666
105,Basin Fruit Washing,16.99,2,178.0,7,2312.0,4.62,7,29.33,9,24,77.77777777777779
106,China Storage Containers,32.49,7,375.0,12,12437.5,4.6,5,300.75,12,48,41.66666666666667
107,tea organizer,26.99,5,246.0,7,6618.0,4.7,8,107.14,14,56,57.14285714285714
108,armorers wrench,19.99,7,278.0,13,4469.0,3.95,10,36.47,15,48,66.66666666666666
109,desk accessories,16.89,22,2171.0,57,33819.0,4.56,5,668.19,27,61,18.51851851851852
110,condolences gift basket for loss,32.98,16,316.0,12,9447.0,4.69,26,51.87,31,55,83.87096774193549
111,closet storage,33.99,19,2490.0,84,104512.5,4.45,6,428.4,20,58,30.0
112,Candle warmer (1),29.98,35,930.0,31,24499.0,4.54,15,132.91,43,58,34.883720930232556
113,UnderBed Storage,39.99,21,823.0,27,26870.0,4.42,5,204.08,25,54,20.0
114,bedsheet storage organizer,39.785,29,495.0,12,20945.5,4.61,18,89.64,42,51,42.857142857142854
115,Pen organizer,13.99,19,1384.0,39,13310.0,4.66,3,756.63,19,53,15.789473684210526
116,wall mounted drying rack (1),48.945,12,343.0,14,15590.5,4.51,9,95.56,18,57,50.0
117,bamboo storage box,35.97,11,384.0,9,10130.0,4.23,10,291.45,22,48,45.45454545454545
118,lego storage,30.99,12,339.5,12,10207.5,4.41,13,166.59,22,54,59.09090909090909
119,100 envelope,12.485,31,908.0,24,10813.0,4.39,19,150.58,38,57,50.0
120,sourdough starter jar,22.97,25,563.0,20,11696.0,4.53,16,297.57,35,49,45.714285714285715
121,bankers box clear plastic portable file box with black lid,23.95,5,268.0,9,6988.0,4.38,7,330.46,13,52,53.84615384615385
122,Bamboo Organizer,29.479999999999997,5,260.0,11,6861.5,4.46,7,361.33,12,56,58.333333333333336
123,Compostable Clamshell Take Out Food Containers,26.49,6,341.0,12,10407.0,4.48,5,49.78,9,23,55.55555555555556
124,arch,42.89,27,550.0,16,22564.0,4.41,18,77.13,31,52,58.06451612903226
125,Punching Bag,58.99,8,270.0,9,15116.0,4.2,8,81.43,21,46,38.095238095238095
126,craft organizers and storage,39.480000000000004,20,795.0,30,27765.0,4.5,12,436.54,28,58,42.857142857142854
127,gutter cleaning tools,27.99,6,120.0,4,3238.5,3.94,22,45.04,28,43,78.57142857142857
128,sarasa dry,12.49,3,354.0,12,4976.5,4.37,4,55.67,6,55,66.66666666666666
129,folder dividers with tabs,9.99,8,444.0,19,10141.0,4.51,8,33.55,11,58,72.72727272727273
130,Curtain Track Ceiling,41.49,6,250.0,7,9010.0,4.3,11,91.62,16,48,68.75
131,under kitchen sink organizer,29.99,27,726.0,24,26458.0,4.53,11,195.95,37,58,29.72972972972973
132,bulletin board paper,11.99,13,480.0,15,4799.0,4.67,11,188.9,21,56,52.38095238095239
133,heated desk pad,21.99,5,123.5,3,3991.0,4.26,13,403.5,18,38,72.22222222222221
134,sheet organizers and storage,39.59,30,530.0,13,21279.0,4.55,18,88.29,41,48,43.90243902439025
135,coloring book organizers and storage,32.99,15,472.0,16,12922.5,4.38,9,338.25,20,57,45.0
136,Bread Proofing Basket,36.99,19,537.0,15,19435.0,4.51,17,70.34,29,61,58.620689655172406
137,trifold poster board 36 x 48,50.99,2,159.0,6,7715.5,4.49,14,8.5,14,48,100.0
138,silent basketball,26.99,15,300.0,7,5668.0,3.5,27,20.59,29,41,93.10344827586206
139,binder with dividers,20.98,15,363.0,14,5699.0,4.29,17,247.85,27,51,62.96296296296296
140,gender reveal plates,17.99,6,353.5,12,4491.5,4.65,7,246.25,12,29,58.333333333333336
141,engraving blanks,26.49,3,123.0,4,2407.5,4.31,19,35.32,22,53,86.36363636363636
142,fruit organizer for refrigerator,28.935,21,539.5,16,15582.5,4.48,10,151.17,30,60,33.33333333333333
143,bereavement gift,29.485,13,308.0,12,9577.5,4.73,20,34.92,26,56,76.92307692307693
144,glass laundry detergent dispenser,26.99,12,266.0,9,7422.0,4.26,22,157.23,39,53,56.41025641025641
145,ar foregrip,23.79,6,150.0,5,3779.0,4.34,8,348.47,17,49,47.05882352941176
146,Desk Mat,17.485,16,933.5,28,15413.0,4.66,4,702.75,20,57,20.0
147,planner accessories for women,9.99,13,1530.0,30,21031.0,4.51,3,283.0,15,55,20.0
148,candle for women,16.99,14,643.0,25,11635.0,4.4,9,411.33,21,59,42.857142857142854
149,funny pen holder for desk,12.99,6,166.5,4,2428.5,4.41,13,35.81,16,48,81.25
150,plastic storage bins with lids,49.88,7,508.0,18,30429.0,4.58,5,867.08,13,54,38.46153846153847
151,car lockout kit,30.99,9,221.0,10,7978.0,4.46,15,60.16,25,42,60.0
152,Candle lamp,29.99,42,637.0,19,19104.0,4.6,18,123.15,53,59,33.9622641509434
153,cardboard dividers,18.475,3,118.5,4,2620.5,4.49,13,38.88,16,46,81.25
154,metal cutting board,28.49,5,189.5,6,5684.5,4.02,12,79.44,16,46,75.0
155,battery operated picture lights,35.89,22,378.5,11,16303.5,4.36,18,145.91,32,50,56.25
156,Clear Storage Organizer Bins,34.99,11,1488.0,44,55961.0,4.75,2,509.15,13,53,15.384615384615385
157,lanyards for id badges and keys,9.99,16,587.0,19,5864.0,4.49,9,201.16,25,59,36.0
158,adjustable side table (1),42.99,13,213.0,6,12687.5,4.2,19,340.79,28,52,67.85714285714286
159,offering box,26.99,2,94.0,3,3000.0,4.42,12,41.38,13,36,92.3076923076923
160,Glass Meal Prep Containers,29.99,25,1208.0,38,42226.0,4.63,3,520.59,27,55,11.11111111111111
161,small dildo,26.49,0,127.5,6,3374.0,5.0,2,1.0,2,3,100.0
162,Rotating Desk Pen Pencil Holder,12.99,18,330.0,10,4220.0,4.75,18,334.03,33,49,54.54545454545454
163,foldable storage basket,24.435,12,593.0,19,9780.5,4.51,7,191.12,16,51,43.75
164,letter tray desk organizer,24.99,13,540.0,16,12415.0,4.62,9,130.11,19,57,47.368421052631575
165,Bamboo Under Bed Storage Containers,36.99,17,322.0,5,7725.0,4.38,14,124.3,33,56,42.42424242424242
166,pen holder for desk,9.99,22,926.0,30,9700.0,4.7,8,510.59,27,57,29.629629629629626
167,Classroom Storage,38.49,16,591.5,29,23388.0,4.47,9,596.55,20,52,45.0
168,Document Organizer,36.99,2,780.0,26,22612.0,4.23,1,306.33,3,19,33.33333333333333
169,shovel mount,24.99,6,60.0,2,1559.0,4.06,19,21.7,23,37,82.6086956521739
170,linen organizer for sheets,36.99,25,364.0,8,14677.5,4.59,22,89.76,42,50,52.38095238095239
171,bubble wrap pouches 4x6,24.5,4,183.0,6,4484.0,4.56,8,111.82,11,50,72.72727272727273
172,5 page dividers,22.49,4,186.0,6,4353.0,4.32,11,22.42,12,57,91.66666666666666
173,basket with lid,31.99,15,308.0,10,9548.0,4.48,15,114.19,27,65,55.55555555555556
174,engineering paper notebook,23.99,11,371.0,11,9611.0,4.44,12,61.26,19,43,63.1578947368421
175,Microfiber Drawstring,17.49,2,176.5,6,2667.0,4.61,7,87.3,10,45,70.0
176,Iron Sights,22.99,1,120.0,4,3214.0,4.07,5,212.0,9,25,55.55555555555556
177,Stackable Plastic Storage Basket,29.99,21,449.0,19,16616.0,4.39,16,213.56,34,60,47.05882352941176
178,Trash Bag Organizer,27.99,8,160.5,6,4474.5,4.49,25,81.91,34,54,73.52941176470588
179,Natural Disposable,19.47,6,167.5,6,3753.5,4.32,8,167.95,20,55,40.0
180,folder bins for classroom,20.47,8,172.0,5,5551.5,4.34,10,187.56,18,52,55.55555555555556
181,Storage Containers with Bamboo Lids,29.99,17,519.0,17,16718.0,4.54,9,318.0,25,51,36.0
182,sourdough starter kit beginners,28.485,27,460.5,18,13513.5,4.51,22,106.17,40,52,55.00000000000001
183,cat wall steps,38.49,6,139.0,4,5987.0,4.22,14,76.29,24,46,58.333333333333336
184,cologne organizer (1),32.89,9,169.0,6,4635.0,4.5,26,58.92,37,53,70.27027027027027
185,Stackable Storage bins,55.99,28,811.0,22,50537.0,4.42,10,211.0,37,60,27.027027027027028
186,glass food containers with bamboo lids,29.99,15,513.5,16,16456.5,4.62,10,268.73,22,56,45.45454545454545
187,tea organizers and storage,28.99,5,205.0,5,6620.0,4.52,8,99.53,17,56,47.05882352941176
188,5 subject notebook red,16.49,5,630.0,20,10202.5,4.75,3,208.83,6,51,50.0
189,Candle Warmer Lamp with Timer,29.99,42,797.5,26,22599.0,4.61,17,122.93,56,62,30.357142857142854
190,sheet set organizer,38.89,31,387.0,7,17306.0,4.57,23,83.98,47,53,48.93617021276596
191,Plastic Storage Baskets,34.99,11,450.0,15,24255.0,4.59,6,101.4,15,52,40.0
192,Closet Organizer,18.99,16,1940.0,64,42128.0,4.41,3,552.47,17,53,17.647058823529413
193,Compostable Paper Plates,19.97,10,484.0,15,10628.0,4.69,3,458.43,14,52,21.428571428571427
194,Trading Card Binder,15.99,22,470.0,16,8971.0,4.74,17,103.97,31,53,54.83870967741935
195,GIMTRR Closet Organizer 9-Cube Storage with Doors Closet Organizers and Storage Cabinet Storage for Bedroom Wardrobe White,40.985,2,150.5,6,6674.0,4.15,2,279.0,6,20,33.33333333333333
196,bedsheet organizer,35.49,30,416.0,7,16391.0,4.59,25,86.9,48,52,52.083333333333336
197,tri fold poster boards,35.99,3,157.0,4,6074.0,4.47,20,12.95,21,48,95.23809523809523
198,Mesh Desk Organizer,20.49,8,600.0,16,9086.5,4.54,4,228.29,14,58,28.57142857142857
199,wall mounted drying rack,49.99,8,293.0,7,14575.0,4.4,10,87.59,17,50,58.82352941176471
200,wicker storage basket with lid,37.99,8,299.0,10,9836.0,4.46,11,61.0,17,51,64.70588235294117
201,boxing,99.99,15,450.0,10,23062.0,4.26,16,211.22,23,49,69.56521739130434
202,custom engraved plaque,17.99,2,119.0,4,1359.0,4.27,8,23.45,11,47,72.72727272727273
203,science fair display boards,21.99,7,175.0,5,6803.0,4.53,19,54.19,21,44,90.47619047619048
204,Storage Basket with Lid,30.99,9,283.5,8,9703.5,4.39,9,574.0,20,62,45.0
205,Fruit Storage Containers,25.99,18,485.0,15,14717.5,4.53,12,159.32,28,57,42.857142857142854
206,car dent removal kit,29.99,18,322.0,6,9967.5,3.94,19,647.15,34,53,55.88235294117647
207,office supplies for desk,15.99,20,2370.0,79,40433.0,4.58,2,753.0,23,58,8.695652173913043
208,home office must haves,14.49,11,2135.0,61,23676.0,4.45,4,3605.73,15,51,26.666666666666668
209,Beeswax Pillar Candles,29.49,2,135.0,4,3419.5,4.14,16,19.19,16,48,100.0
210,science fair display boards (1),20.99,6,174.0,5,6380.0,4.5,20,22.19,21,45,95.23809523809523
211,appreciation gifts,16.99,10,154.0,5,3188.5,4.64,23,212.85,34,58,67.64705882352942
212,Bamboo Book Press,22.99,6,102.0,5,4139.0,4.43,20,95.48,23,35,86.95652173913044
213,mason jars with lids and straws,24.99,10,267.0,10,4960.0,4.5,14,414.1,21,61,66.66666666666666
214,school supplies college,9.99,19,601.0,20,9876.0,4.6,14,288.64,25,59,56.00000000000001
215,Glass Food Storage Containers with Bamboo Lids,29.75,13,527.0,17,16456.5,4.61,8,531.95,20,58,40.0
216,microfiber drawstring bag,9.99,0,159.5,5,1393.0,4.58,8,29.8,10,45,80.0
217,Mesh Zipper Pouch,13.99,14,590.5,21,7661.5,4.65,8,131.68,22,55,36.36363636363637
218,notebooks for work 8.5 x 11,18.97,28,1091.5,30,19492.0,4.67,12,430.97,34,55,35.294117647058826
219,closet basket,26.79,22,950.0,23,22021.0,4.63,11,903.52,25,53,44.0
220,Clear Plastic Storage Organizer Bins with Bamboo Lids,27.09,5,240.0,8,6030.5,4.48,8,51.64,14,30,57.14285714285714
221,magnetic pen holder for refrigerator,8.34,9,195.0,7,1767.5,4.58,20,60.27,26,55,76.92307692307693
222,aesthetic desk accessories,11.99,21,925.0,30,13638.0,4.5,7,320.89,27,60,25.925925925925924
223,sourdough bread slicer,24.99,17,541.0,23,12595.0,4.17,19,146.93,27,50,70.37037037037037
224,Air Conditioner Cover For Outside Units - AC Cover For Outside Unit - Central AC Unit Covers Outdoor - Winter AC Condenser Cover - Dual Shoelace Drawstring For Snug Fit.,26.96,6,315.0,7,8811.0,4.69,1,228.45,11,48,9.090909090909092
225,bankers box clear plastic portable file box with black lid (1),21.99,5,268.0,8,6988.0,4.32,4,391.18,11,51,36.36363636363637
226,hanging file folder organizer,28.49,3,180.0,8,5385.5,4.45,2,139.2,10,50,20.0
227,cereal containers,24.994999999999997,8,298.0,8,8427.5,4.17,9,78.81,16,49,56.25
228,bed sheet organizer,39.435,29,402.0,8,17828.5,4.57,21,91.27,44,47,47.72727272727273
229,acrylic box,19.99,6,218.5,6,4770.5,4.5,10,117.67,18,60,55.55555555555556
230,Bottomless Portafilter,35.72,6,125.0,4,4389.0,4.4,19,43.29,24,48,79.16666666666666
231,office mouse pad,13.99,9,300.0,10,6223.0,4.68,7,345.94,17,64,41.17647058823529
232,clear supply box,22.98,6,210.0,6,3715.0,4.49,19,85.13,23,53,82.6086956521739
233,dividers,27.99,10,340.0,16,10634.5,4.31,11,31.12,16,55,68.75
234,curtain rods for bay windows,39.485,15,396.0,14,14681.5,4.43,12,138.8,20,45,60.0
235,Wireless Picture Light,32.99,21,361.0,10,15620.0,4.25,18,121.83,35,53,51.42857142857142
236,magnetic basket for fridge,19.99,9,257.0,7,5137.0,4.71,11,129.9,21,54,52.38095238095239
237,4 x 6 thermal shipping labels,13.99,4,194.0,5,6925.0,4.57,6,420.22,9,52,66.66666666666666
238,Sticker storage Album,9.99,7,120.0,4,1340.0,4.43,23,31.59,27,46,85.18518518518519
239,office organization for desk,23.99,22,1020.0,36,26535.0,4.51,8,908.33,27,54,29.629629629629626
240,collapsible storage bins,55.99,29,811.0,26,57595.0,4.5,8,358.43,35,55,22.857142857142858
241,pinch pleated curtains,45.99,24,480.0,16,27644.0,4.5,15,532.76,37,57,40.54054054054054
242,under bed drawers,42.99,21,293.5,7,11069.0,4.27,23,113.86,42,58,54.761904761904766
243,Plastic Storage Baskets With Bamboo Lid,33.88,16,734.0,18,14755.0,4.35,13,166.56,25,56,52.0
244,Grocery Bag Holder,16.99,7,149.0,5,3057.0,4.49,12,64.79,19,65,63.1578947368421
245,heart boxes for flowers,29.49,6,232.5,10,7033.0,4.35,22,5.82,22,43,100.0
246,bread storage for homemade bread,28.99,10,281.0,8,7958.0,4.31,14,177.3,23,51,60.86956521739131
247,bedding storage,39.985,21,767.5,16,22528.0,4.53,7,139.96,28,54,25.0
248,collapsible desk organizer,21.49,8,680.0,27,15657.0,4.46,6,140.25,12,52,50.0
