,Search Inquiry,Price (Median),# Prod. Montly Units Sold > 300,Monthly Units Sold (Median),Daily Units Sold (Median),Monthly Revenue (Median),Star Rating,Prods. < 50 Reviews,Reveiws (Avg),Total # Of Products In Last Year,Total # Product On Page,% of Prods. W/ < 50 Reviews Of Recent Avail Prods.
0,womens vibrator,29.47,2,150.0,5,6582.5,4.27,5,13.17,6,7,83.33333333333334
1,homemade bread storage,25.89,11,298.0,8,7213.0,4.35,14,88.87,23,54,60.86956521739131
2,luxury phone case,12.99,12,810.0,27,9585.0,4.52,6,195.08,13,19,46.15384615384615
3,keurig storage drawer,33.97,5,204.0,8,5424.0,4.69,13,24.8,15,54,86.66666666666667
4,underwear drawer,25.49,14,295.0,8,8621.5,4.29,15,331.43,28,55,53.57142857142857
5,planner accessories,9.99,16,630.0,25,12883.0,4.52,9,153.19,21,57,42.857142857142854
6,long floating shelf,34.99,14,540.0,18,22463.0,4.36,9,271.89,19,55,47.368421052631575
7,socket organizer magnetic,41.99,13,270.0,8,9637.0,4.69,19,62.28,29,53,65.51724137931035
8,coffee pod holders for counter,23.9,9,197.0,6,5135.0,4.52,18,54.0,25,58,72.0
9,laundry basket with lid and wheels,34.9,20,377.0,11,15076.0,4.28,14,166.09,33,54,42.42424242424242
10,Movable Storage Book Shelves,41.99,8,174.0,5,12414.0,4.48,13,140.21,19,24,68.42105263157895
11,mail holder for wall,19.99,6,256.0,8,5285.5,4.71,8,105.14,14,60,57.14285714285714
12,office desk accessories,23.99,24,2336.0,85,46697.0,4.57,1,806.52,27,55,3.7037037037037033
13,bamboo tea organizer,30.979999999999997,2,100.0,2,3237.0,4.59,12,229.39,18,58,66.66666666666666
14,sheet and blanket organizer,39.99,21,323.0,8,9930.0,4.55,17,79.05,37,51,45.94594594594595
15,teabag holder organizer,21.49,5,108.0,4,2550.5,4.73,13,35.62,16,54,81.25
16,linen closet organization,26.29,20,558.0,19,29592.0,4.55,8,194.36,28,60,28.57142857142857
17,micro stitch gun,15.24,10,154.5,4,2388.0,4.1,17,563.08,24,41,70.83333333333334
18,science fair board,21.49,4,167.5,4,6479.0,4.52,16,9.94,16,45,100.0
19,organizing containers,29.99,16,837.0,33,31853.0,4.61,5,279.41,17,56,29.411764705882355
20,toy storage,35.99,15,620.5,16,21331.0,4.33,14,915.92,24,55,58.333333333333336
21,Clipboard Holder,19.99,10,150.0,4,2126.0,4.33,16,88.88,25,48,64.0
22,science fair display boards (2),20.99,6,161.0,4,6380.0,4.51,22,20.78,23,47,95.65217391304348
23,retractable highlighters,6.39,4,330.0,16,3405.0,4.51,4,162.43,7,58,57.14285714285714
24,sourdough container,20.99,17,408.0,13,12132.0,4.43,13,96.93,27,53,48.148148148148145
25,adult toy storage,28.99,8,189.5,7,4991.0,4.22,17,114.04,24,50,70.83333333333334
26,desk accessories & workspace organizers,24.29,25,762.0,19,15618.0,4.56,11,629.82,34,58,32.35294117647059
27,Foldable Cube Storage Bin,35.99,2,120.0,4,5475.0,4.57,4,1302.2,15,46,26.666666666666668
28,sheet storage,38.89,26,422.0,9,17082.0,4.58,18,90.54,41,53,43.90243902439025
29,clothing display,36.49,6,109.0,4,4461.5,4.3,20,269.0,26,53,76.92307692307693
30,computation notebook spiral,16.95,11,293.0,9,4858.0,4.48,10,141.91,23,55,43.47826086956522
31,sheet organizer,36.94,32,498.0,14,21211.0,4.58,21,89.93,44,49,47.72727272727273
32,wall mount basket,22.99,4,226.0,6,5397.0,4.68,10,686.38,13,57,76.92307692307693
33,locker organizer shelf,19.99,3,264.5,8,5309.5,4.23,6,106.5,10,48,60.0
34,magnetic storage containers,24.99,6,237.0,6,6316.0,4.52,7,148.24,17,53,41.17647058823529
35,garbage bag dispenser,25.99,11,160.5,4,4008.5,4.44,32,30.47,38,54,84.21052631578947
36,desktop file organizer,26.49,9,461.0,14,9860.5,4.56,8,121.56,16,58,50.0
37,linen storage,34.985,22,589.0,16,28207.0,4.54,7,140.79,28,58,25.0
38,sculpture,27.49,6,151.5,5,4855.0,4.68,17,51.0,24,55,70.83333333333334
39,lamp shades for table lamps,29.99,2,136.5,4,4559.0,4.01,14,77.3,20,60,70.0
40,bubble wrap pouches,23.99,4,210.0,6,3817.0,4.36,15,73.74,19,54,78.94736842105263
41,desk accessories aesthetic,11.795,15,1325.0,36,13391.5,4.56,2,773.9,20,57,10.0
42,Under Bed Storage with Wheels,39.99,24,339.0,11,13998.0,4.43,17,102.3,43,52,39.53488372093023
43,wood name tags,17.99,1,67.5,2,1447.2,4.61,5,42.12,8,28,62.5
44,vegetable containers for fridge,24.485,18,539.5,14,17076.0,4.39,11,114.42,24,61,45.83333333333333
45,bubble wrap bags,20.99,3,210.0,7,4471.0,4.5,11,40.53,15,51,73.33333333333333
46,classroom organizer,37.79,12,274.0,10,9498.0,4.34,15,677.4,25,52,60.0
47,mens desk organizer,24.99,8,244.0,9,6825.0,4.47,8,86.12,17,54,47.05882352941176
48,cologne organizer,31.99,9,164.0,5,4754.0,4.47,27,53.6,35,51,77.14285714285715
49,containers for storage,33.49,17,789.0,26,34215.5,4.56,10,340.79,24,62,41.66666666666667
50,storage bins with lids large,57.945,18,424.5,12,49523.0,4.35,12,114.0,24,62,50.0
51,12x12 inch paper storage,26.99,6,129.0,5,3629.0,4.56,20,30.72,25,48,80.0
52,Presentation Boards,32.99,5,161.0,6,6929.0,4.58,16,27.53,17,48,94.11764705882352
53,deer scoring tape,25.99,4,190.0,8,3659.0,4.38,8,37.09,11,52,72.72727272727273
54,Business Envelopes,18.99,7,146.0,4,2659.0,4.59,14,131.21,19,49,73.68421052631578
55,shoe cover dispenser machine,42.47,5,107.0,4,4726.0,4.09,13,173.39,18,39,72.22222222222221
56,pantry storage,32.49,17,989.0,30,33892.0,4.58,1,329.75,20,50,5.0
57,Under Bed Storage,34.485,23,721.0,26,23219.5,4.36,8,165.2,30,54,26.666666666666668
58,organizational storage,30.479999999999997,25,1308.0,44,49108.5,4.64,10,354.61,28,66,35.714285714285715
59,desk organizer,24.99,24,901.0,27,20803.0,4.55,13,490.74,31,63,41.935483870967744
60,storage bins with lids small,33.99,9,365.0,11,17819.0,4.43,4,141.25,12,55,33.33333333333333
61,moving boxes large heavy duty,26.98,15,3540.0,79,81019.0,4.49,2,470.41,17,52,11.76470588235294
62,trifold poster board,37.99,3,132.0,4,6074.0,4.48,21,9.57,21,46,100.0
63,over the stove spice rack,19.99,15,281.5,9,6309.5,4.3,15,119.37,30,49,50.0
64,office organizer,28.49,19,525.5,18,18341.5,4.51,12,855.15,26,53,46.15384615384615
65,roller window shades,55.68,10,278.0,10,17511.0,4.55,12,443.95,21,48,57.14285714285714
66,magnetic file holder for refrigerator,25.99,4,121.5,4,3072.0,4.48,19,30.96,24,50,79.16666666666666
67,storage bin,43.49,19,1477.5,34,62969.5,4.54,8,190.64,22,68,36.36363636363637
68,dog scratch board,23.99,8,120.0,4,2951.0,3.89,22,54.24,37,46,59.45945945945946
69,document storage box,30.99,9,308.0,7,12296.5,4.36,10,315.33,18,59,55.55555555555556
70,food. storage containers,27.99,16,1103.0,48,34978.0,4.57,6,1050.79,19,53,31.57894736842105
71,hulken bag with wheels,35.49,14,281.5,10,15212.5,4.27,20,1289.5,30,57,66.66666666666666
72,tea organizer,26.99,5,246.0,7,6618.0,4.7,8,107.14,14,56,57.14285714285714
73,armorers wrench,19.99,7,278.0,13,4469.0,3.95,10,36.47,15,48,66.66666666666666
74,desk accessories,16.89,22,2171.0,57,33819.0,4.56,5,668.19,27,61,18.51851851851852
75,condolences gift basket for loss,32.98,16,316.0,12,9447.0,4.69,26,51.87,31,55,83.87096774193549
76,UnderBed Storage,39.99,21,823.0,27,26870.0,4.42,5,204.08,25,54,20.0
77,bedsheet storage organizer,39.785,29,495.0,12,20945.5,4.61,18,89.64,42,51,42.857142857142854
78,bamboo storage box,35.97,11,384.0,9,10130.0,4.23,10,291.45,22,48,45.45454545454545
79,lego storage,30.99,12,339.5,12,10207.5,4.41,13,166.59,22,54,59.09090909090909
80,100 envelope,12.485,31,908.0,24,10813.0,4.39,19,150.58,38,57,50.0
81,sourdough starter jar,22.97,25,563.0,20,11696.0,4.53,16,297.57,35,49,45.714285714285715
82,bankers box clear plastic portable file box with black lid,23.95,5,268.0,9,6988.0,4.38,7,330.46,13,52,53.84615384615385
83,craft organizers and storage,39.480000000000004,20,795.0,30,27765.0,4.5,12,436.54,28,58,42.857142857142854
84,gutter cleaning tools,27.99,6,120.0,4,3238.5,3.94,22,45.04,28,43,78.57142857142857
85,sarasa dry,12.49,3,354.0,12,4976.5,4.37,4,55.67,6,55,66.66666666666666
86,folder dividers with tabs,9.99,8,444.0,19,10141.0,4.51,8,33.55,11,58,72.72727272727273
87,under kitchen sink organizer,29.99,27,726.0,24,26458.0,4.53,11,195.95,37,58,29.72972972972973
88,sheet organizers and storage,39.59,30,530.0,13,21279.0,4.55,18,88.29,41,48,43.90243902439025
89,coloring book organizers and storage,32.99,15,472.0,16,12922.5,4.38,9,338.25,20,57,45.0
90,trifold poster board 36 x 48,50.99,2,159.0,6,7715.5,4.49,14,8.5,14,48,100.0
91,binder with dividers,20.98,15,363.0,14,5699.0,4.29,17,247.85,27,51,62.96296296296296
92,gender reveal plates,17.99,6,353.5,12,4491.5,4.65,7,246.25,12,29,58.333333333333336
93,engraving blanks,26.49,3,123.0,4,2407.5,4.31,19,35.32,22,53,86.36363636363636
94,fruit organizer for refrigerator,28.935,21,539.5,16,15582.5,4.48,10,151.17,30,60,33.33333333333333
95,bereavement gift,29.485,13,308.0,12,9577.5,4.73,20,34.92,26,56,76.92307692307693
96,Desk Mat,17.485,16,933.5,28,15413.0,4.66,4,702.75,20,57,20.0
97,planner accessories for women,9.99,13,1530.0,30,21031.0,4.51,3,283.0,15,55,20.0
98,funny pen holder for desk,12.99,6,166.5,4,2428.5,4.41,13,35.81,16,48,81.25
99,car lockout kit,30.99,9,221.0,10,7978.0,4.46,15,60.16,25,42,60.0
100,cardboard dividers,18.475,3,118.5,4,2620.5,4.49,13,38.88,16,46,81.25
101,metal cutting board,28.49,5,189.5,6,5684.5,4.02,12,79.44,16,46,75.0
102,battery operated picture lights,35.89,22,378.5,11,16303.5,4.36,18,145.91,32,50,56.25
103,lanyards for id badges and keys,9.99,16,587.0,19,5864.0,4.49,9,201.16,25,59,36.0
104,offering box,26.99,2,94.0,3,3000.0,4.42,12,41.38,13,36,92.3076923076923
105,small dildo,26.49,0,127.5,6,3374.0,5.0,2,1.0,2,3,100.0
106,Rotating Desk Pen Pencil Holder,12.99,18,330.0,10,4220.0,4.75,18,334.03,33,49,54.54545454545454
107,letter tray desk organizer,24.99,13,540.0,16,12415.0,4.62,9,130.11,19,57,47.368421052631575
108,pen holder for desk,9.99,22,926.0,30,9700.0,4.7,8,510.59,27,57,29.629629629629626
109,Classroom Storage,38.49,16,591.5,29,23388.0,4.47,9,596.55,20,52,45.0
110,Document Organizer,36.99,2,780.0,26,22612.0,4.23,1,306.33,3,19,33.33333333333333
111,linen organizer for sheets,34.485,31,451.0,14,13610.0,4.61,23,82.89,46,54,50.0
112,bubble wrap pouches 4x6,24.5,4,183.0,6,4484.0,4.56,8,111.82,11,50,72.72727272727273
113,5 page dividers,22.49,4,186.0,6,4353.0,4.32,11,22.42,12,57,91.66666666666666
114,engineering paper notebook,23.99,11,371.0,11,9611.0,4.44,12,61.26,19,43,63.1578947368421
115,Microfiber Drawstring,17.49,2,176.5,6,2667.0,4.61,7,87.3,10,45,70.0
116,folder bins for classroom,20.47,8,172.0,5,5551.5,4.34,10,187.56,18,52,55.55555555555556
117,sourdough starter kit beginners,28.485,27,460.5,18,13513.5,4.51,22,106.17,40,52,55.00000000000001
118,Stackable Storage bins,55.99,28,811.0,22,50537.0,4.42,10,211.0,37,60,27.027027027027028
119,tea organizers and storage,28.99,5,205.0,5,6620.0,4.52,8,99.53,17,56,47.05882352941176
120,5 subject notebook red,16.49,5,630.0,20,10202.5,4.75,3,208.83,6,51,50.0
121,sheet set organizer,38.44,32,478.0,13,20877.5,4.56,22,90.04,48,52,45.83333333333333
122,Plastic Storage Baskets,34.99,11,450.0,15,24255.0,4.59,6,101.4,15,52,40.0
123,bedsheet organizer,39.945,33,478.0,12,18304.0,4.61,24,79.81,48,52,50.0
124,tri fold poster boards,35.99,3,157.0,4,6074.0,4.47,20,12.95,21,48,95.23809523809523
125,Mesh Desk Organizer,20.49,8,600.0,16,9086.5,4.54,4,228.29,14,58,28.57142857142857
126,wicker storage basket with lid,37.99,8,299.0,10,9836.0,4.46,11,61.0,17,51,64.70588235294117
127,custom engraved plaque,17.99,2,119.0,4,1359.0,4.27,8,23.45,11,47,72.72727272727273
128,science fair display boards,21.99,7,175.0,5,6803.0,4.53,19,54.19,21,44,90.47619047619048
129,car dent removal kit,29.99,18,322.0,6,9967.5,3.94,19,647.15,34,53,55.88235294117647
130,office supplies for desk,15.99,20,2370.0,79,40433.0,4.58,2,753.0,23,58,8.695652173913043
131,home office must haves,14.49,11,2135.0,61,23676.0,4.45,4,3605.73,15,51,26.666666666666668
132,science fair display boards (1),20.99,6,174.0,5,6380.0,4.5,20,22.19,21,45,95.23809523809523
133,Bamboo Book Press,22.99,6,102.0,5,4139.0,4.43,20,95.48,23,35,86.95652173913044
134,mason jars with lids and straws,24.99,10,267.0,10,4960.0,4.5,14,414.1,21,61,66.66666666666666
135,school supplies college,9.99,19,601.0,20,9876.0,4.6,14,288.64,25,59,56.00000000000001
136,microfiber drawstring bag,9.99,0,159.5,5,1393.0,4.58,8,29.8,10,45,80.0
137,Mesh Zipper Pouch,13.99,14,590.5,21,7661.5,4.65,8,131.68,22,55,36.36363636363637
138,notebooks for work 8.5 x 11,18.97,28,1091.5,30,19492.0,4.67,12,430.97,34,55,35.294117647058826
139,Clear Plastic Storage Organizer Bins with Bamboo Lids,27.09,5,240.0,8,6030.5,4.48,8,51.64,14,30,57.14285714285714
140,magnetic pen holder for refrigerator,8.34,9,195.0,7,1767.5,4.58,20,60.27,26,55,76.92307692307693
141,aesthetic desk accessories,11.99,21,925.0,30,13638.0,4.5,7,320.89,27,60,25.925925925925924
142,sourdough bread slicer,24.99,17,541.0,23,12595.0,4.17,19,146.93,27,50,70.37037037037037
143,bankers box clear plastic portable file box with black lid (1),21.99,5,268.0,8,6988.0,4.32,4,391.18,11,51,36.36363636363637
144,hanging file folder organizer,28.49,3,180.0,8,5385.5,4.45,2,139.2,10,50,20.0
145,cereal containers,24.994999999999997,8,298.0,8,8427.5,4.17,9,78.81,16,49,56.25
146,bed sheet organizer,39.59,28,429.0,9,15625.0,4.54,22,81.82,45,49,48.888888888888886
147,office mouse pad,13.99,9,300.0,10,6223.0,4.68,7,345.94,17,64,41.17647058823529
148,clear supply box,22.98,6,210.0,6,3715.0,4.49,19,85.13,23,53,82.6086956521739
149,dividers,27.99,10,340.0,16,10634.5,4.31,11,31.12,16,55,68.75
150,curtain rods for bay windows,39.485,15,396.0,14,14681.5,4.43,12,138.8,20,45,60.0
151,magnetic basket for fridge,19.99,9,257.0,7,5137.0,4.71,11,129.9,21,54,52.38095238095239
152,4 x 6 thermal shipping labels,13.99,4,194.0,5,6925.0,4.57,6,420.22,9,52,66.66666666666666
153,Sticker storage Album,9.99,7,120.0,4,1340.0,4.43,23,31.59,27,46,85.18518518518519
154,office organization for desk,23.99,22,1020.0,36,26535.0,4.51,8,908.33,27,54,29.629629629629626
155,collapsible storage bins,55.99,29,811.0,26,57595.0,4.5,8,358.43,35,55,22.857142857142858
156,Plastic Storage Baskets With Bamboo Lid,38.49,3,340.5,12,14632.5,4.52,3,47.17,6,18,50.0
157,heart boxes for flowers,29.49,6,232.5,10,7033.0,4.35,22,5.82,22,43,100.0
158,bread storage for homemade bread,28.99,10,281.0,8,7958.0,4.31,14,177.3,23,51,60.86956521739131
159,bedding storage,36.785,25,853.0,25,26948.5,4.47,8,194.0,32,56,25.0
160,collapsible desk organizer,21.49,8,680.0,27,15657.0,4.46,6,140.25,12,52,50.0
